MAYISELA EG 000631927 (EMMA) 00001081 16/05/2024 0200 3813,96 3592,00 3592,00 6358 3592,00 
MASILELA MM 000646261 (MARIA) 00001098 16/05/2024 0200 168,88 168,88 168,88 00001098 16/05/2024 0200 159,86 159,86 159,86 00001098 16/05/2024 0200 123,26 123,26 123,26 00001098 16/05/2024 0200 757,25 757,25 757,25 1209,25 
MASILELA MM 000646261 (KRYSTAL) 00001096 16/05/2024 0200 301,29 301,29 301,29 00001096 16/05/2024 0200 135,79 120,20 120,20 6358 00001096 16/05/2024 0200 79,35 79,35 79,35 00001096 16/05/2024 0200 152,92 152,92 152,92 00001096 16/05/2024 0200 278,91 278,91 278,91 00001096 16/05/2024 0200 349,21 349,21 349,21 1281,88 
MLOTSHWA ML 000809190 (MARIA) 00001077 16/05/2024 0200 757,25 757,25 757,25 00001077 16/05/2024 0200 439,73 439,73 439,73 00001077 16/05/2024 0200 253,12 253,12 253,12 00001077 16/05/2024 0200 243,01 243,01 243,01 00001077 16/05/2024 0200 150,28 150,28 150,28 00001077 16/05/2024 0200 268,06 268,06 268,06 2111,45 
MLOTSHWA ML 000809190 (APHIWE) 00001079 16/05/2024 0200 349,21 349,21 349,21 00001079 16/05/2024 0200 249,33 225,56 225,56 6358 00001079 16/05/2024 0200 301,29 301,29 301,29 00001079 16/05/2024 0200 61,27 61,27 61,27 00001079 16/05/2024 0200 56,68 56,68 56,68 00001079 16/05/2024 0200 278,91 278,91 278,91 1272,92 
CHACHA MH 000842992 (MAIPATO) 00001089 16/05/2024 0200 468,90 105,06 105,06 6358 00001089 16/05/2024 0200 268,06 0,00 0,00 6358 00001089 16/05/2024 0200 287,47 0,00 0,00 6358 00001089 16/05/2024 0200 383,40 0,00 0,00 6358 105,06 
NGOMANE SE 001082174 (SIBONGILE) 00001075 16/05/2024 0200 468,90 468,90 468,90 00001075 16/05/2024 0200 268,06 268,06 268,06 00001075 16/05/2024 0200 287,47 287,47 287,47 00001075 16/05/2024 0200 159,05 159,05 159,05 00001075 16/05/2024 0200 181,08 181,08 181,08 00001075 16/05/2024 0200 61,27 61,27 61,27 1425,83 
NGOMANE SE 001082174 (MAYIBONGWE) 00001076 16/05/2024 0200 349,21 349,21 349,21 00001076 16/05/2024 0200 301,29 301,29 301,29 00001076 16/05/2024 0200 135,79 120,20 120,20 6358 00001076 16/05/2024 0200 208,05 208,05 208,05 978,75 
TSHABALALA JO 001126438 (JOHANNA) 00000925 08/05/2024 0200 230,85 230,85 230,85 00000925 08/05/2024 0200 201,24 201,24 201,24 00000925 08/05/2024 0200 102,35 102,35 102,3500000925 08/05/2024 0200 181,08 181,08 181,08 00000925 08/05/2024 0200 43,65 43,65 43,65 00000925 08/05/2024 0200 88,90 88,90 88,90 848,07
TSHABALALA JO 001126438 (MPUMELELO) 00000926 08/05/2024 0200 291,97 291,97 291,97 00000926 08/05/2024 0200 21,85 21,85 21,85 00000926 08/05/2024 0200 102,35 102,35 102,35 00000926 08/05/2024 0200 92,72 92,72 92,72 00000926 08/05/2024 0200 43,65 43,65 43,65 00000926 08/05/2024 0200 88,90 88,90 88,90 641,44 
MSIMANGO OM 001164382 (OUPA) 00001048 14/05/2024 0200 168,88 168,88 168,88 00001048 14/05/2024 0200 201,24 201,24 201,24 00001048 14/05/2024 0200 159,86 159,86 159,86 00001048 14/05/2024 0200 43,47 43,47 43,47 00001048 14/05/2024 0200 159,05 159,05 159,05 00001048 14/05/2024 0200 85,17 85,17 85,17 00001048 14/05/2024 0200 61,27 61,27 61,27 878,94 
MSIMANGO OM 001164382 (MAMOKETE) 00001049 14/05/2024 0200 152,90 152,90 152,90 00001049 14/05/2024 0200 168,88 168,88 168,88 00001049 14/05/2024 0200 201,24 201,24 201,24 00001049 14/05/2024 0200 159,86 159,86 159,86 00001049 14/05/2024 0200 85,17 85,17 85,17 00001049 14/05/2024 0200 61,27 61,27 61,27 00001049 14/05/2024 0200 159,05 159,05 159,05 988,37 
MASELELA JN 001172525 (JUDITH) 00000958 09/05/2024 0200 468,90 468,90 468,90 00000958 09/05/2024 0200 268,06 268,06 268,06 00000958 09/05/2024 0200 287,47 287,47 287,47 00000958 09/05/2024 0200 181,08 181,08 181,08 00000958 09/05/2024 0200 159,05 159,05 159,05 00000958 09/05/2024 0200 61,27 61,27 61,27 00000958 09/05/2024 0200 132,01 132,01 132,01 1557,84 
MASELELA JN 001172525 (KATLEGO) 00000960 09/05/2024 0200 230,85 230,85 230,85 00000960 09/05/2024 0200 122,09 122,09 122,09 00000960 09/05/2024 0200 287,47 287,47 287,47 00000960 09/05/2024 0200 516,23 516,23 516,23 1156,64 
HOBYANE PY 001207165 (PAMELA) 00001055 14/05/2024 0200 3813,96 3592,00 3592,00 6358 3592,00 
MABENA GT 001225073 (GONTSE) 00000954 09/05/2024 0200 291,97 291,97 291,97 00000954 09/05/2024 0200 201,24 201,24 201,24 00000954 09/05/2024 0200 228,90 228,90 228,90 00000954 09/05/2024 0200 236,80 236,80 236,80 958,91 
MABENA GT 001225073 (WILLY) 00000956 09/05/2024 0200 168,88 168,88 168,88 00000956 09/05/2024 0200 201,24 201,24 201,24 00000956 09/05/2024 0200 43,47 43,47 43,47 00000956 09/05/2024 0200 113,75 113,75 113,75 527,34 
MABENA GT 001225073 (OARABILE) 00000957 09/05/2024 0200 278,91 278,91 278,91 00000957 09/05/2024 0200 155,94 155,94 155,94 00000957 09/05/2024 0200 301,29 210,90 210,90 6358 645,75 
MNGUNI EN 001263812 (BUHLE) 00000865 04/05/2024 99200 152,90 115,00 115,00 6358 115,00 
MAKHUBELA TE 001297401 (THABANG) 00001051 14/05/2024 0200 181,08 181,08 181,08 00001051 14/05/2024 0200 85,17 85,17 85,17 00001051 14/05/2024 0200 201,24 201,24 201,24 00001051 14/05/2024 0200 159,86 159,86 159,86 00001051 14/05/2024 0200 152,90 152,90 152,90 00001051 14/05/2024 0200 61,27 61,27 61,27 00001051 14/05/2024 0200 102,35 102,35 102,35 943,87 
MAKHUBELA TE 001297401 (MOTHOMANG) 00001050 14/05/2024 0200 181,08 181,08 181,08 00001050 14/05/2024 0200 85,17 85,17 85,17 00001050 14/05/2024 0200 201,24 201,24 201,24 00001050 14/05/2024 0200 159,86 159,86 159,86 00001050 14/05/2024 0200 152,90 152,90 152,90 00001050 14/05/2024 0200 61,27 61,27 61,27 00001050 14/05/2024 0200 85,43 85,43 85,43 926,95 
KEKANA KB 001366594 (KHOMOTSO) 00000919 08/05/2024 0200 201,24 201,24 201,24 00000919 08/05/2024 0200 159,86 159,86 159,86 00000919 08/05/2024 0200 152,90 152,90 152,90 00000919 08/05/2024 0200 181,08 181,08 181,08 00000919 08/05/2024 0200 61,27 61,27 61,27 756,35
KEKANA KB 001366594 (PALESA) 00000921 08/05/2024 0200 159,86 159,86 159,86 00000921 08/05/2024 0200 201,24 201,24 201,24 00000921 08/05/2024 0200 88,90 88,90 88,90 00000921 08/05/2024 0200 102,35 102,35 102,35 00000921 08/05/2024 0200 181,08 181,08 181,08 733,43 
KEKANA KB 001366594 (LERUMO) 00000922 08/05/2024 0200 85,17 85,17 85,17 00000922 08/05/2024 0200 181,08 181,08 181,08 00000922 08/05/2024 0200 201,24 201,24 201,24 00000922 08/05/2024 0200 159,86 159,86 159,86 00000922 08/05/2024 0200 101,35 101,35 101,35 728,70 
NGXAMBUZA N 001371020 (NOMFUNDISO) 00000923 08/05/2024 0200 3813,96 3592,00 3592,00 6358 3592,00 
NGXAMBUZA N 001371020 (PALLO) 00000924 08/05/2024 0200 201,24 201,24 201,24 00000924 08/05/2024 0200 85,17 85,17 85,17 00000924 08/05/2024 0200 181,08 181,08 181,08 00000924 08/05/2024 0200 88,90 88,90 88,90 556,39 
MOTHATA EK 001407564 (ELVIS) 00000969 10/05/2024 99200 152,90 115,00 115,00 6358 115,00 
MOTHATA EK 001407564 (LACKINA) 00000970 10/05/2024 99200 85,43 85,43 85,43 85,43 
MOTHATA EK 001407564 (SINENHLANHLA) 00000968 10/05/2024 99200 101,35 101,35 101,35 101,35 
MOTHATA EK 001407564 (TEBOGO) 00000877 06/05/2024 0200 301,29 210,90 210,90 6358 00000877 06/05/2024 0200 278,91 278,91 278,91 00000877 06/05/2024 0200 31,14 31,14 31,14 00000877 06/05/2024 0200 36,30 36,30 36,30 00000877 06/05/2024 0200 155,94 155,94 155,94 713,19 
SHONGWE VN 001413598 (MINENHLE) 00001099 16/05/2024 0200 468,90 468,90 468,90 00001099 16/05/2024 0200 287,47 287,47 287,47 00001099 16/05/2024 0200 268,06 268,06 268,06 00001099 16/05/2024 0200 254,53 254,53 254,53 00001099 16/05/2024 0200 79,92 79,92 79,92 00001099 16/05/2024 0200 276,71 276,71 276,71 00001099 16/05/2024 0200 243,11 243,11 243,11 00001099 16/05/2024 0200 101,35 101,35 101,35 1980,05 
RADEBE SM 001437827 (ONTIRETSE) 00000930 09/05/2024 0200 141,06 141,06 141,06 00000930 09/05/2024 0200 29,31 29,31 29,31 00000930 09/05/2024 0200 60,64 60,64 60,64 231,01 
MPAYISA S 001441372 (SINOBOMI) 00001023 13/05/2024 0200 344,70 344,70 344,70 00001023 13/05/2024 0200 268,06 268,06 268,06 00001023 13/05/2024 0200 287,47 287,47 287,47 00001023 13/05/2024 0200 181,08 181,08 181,08 00001023 13/05/2024 0200 85,17 85,17 85,17 00001023 13/05/2024 0200 88,90 88,90 88,90 00001023 13/05/2024 0200 152,90 152,90 152,90 1408,28 
MPAYISA S 001441372 (LIYABUKWA) 00001024 13/05/2024 0200 301,29 301,29 301,29 00001024 13/05/2024 0200 164,53 148,86 148,86 6358 00001024 13/05/2024 0200 278,91 278,91 278,91 00001024 13/05/2024 0200 152,92 152,92 152,92 00001024 13/05/2024 0200 85,15 67,80 67,80 6358 949,78 
MASAKONA N 001441702 (NDANGANENI) 00000864 04/05/2024 99200 50,92 50,92 50,92 00000864 04/05/2024 99200 72,73 72,73 72,73 123,65 
MASAKONA N 001441702 (AARON) 00001064 15/05/2024 99200 132,71 132,71 132,71 00001072 16/05/2024 99200 181,08 181,08 181,08 00001072 16/05/2024 99200 26,61 26,61 26,61 340,40 
NDYALVANE N 001455518 (THANDILE) 00000949 09/05/2024 0200 267,00 267,00 267,00 00000949 09/05/2024 0200 230,85 230,85 230,85 00000949 09/05/2024 0200 201,24 201,24 201,24 00000949 09/05/2024 0200 159,86 159,86 159,86 00000949 09/05/2024 0200 168,88 168,88 168,88 1027,83 
MAKUA PM 001461692 (MATHABATHE) 00000936 09/05/2024 0200 201,24 201,24 201,24 00000936 09/05/2024 0200 159,86 159,86 159,86 00000936 09/05/2024 0200 152,90 152,90 152,90 00000936 09/05/2024 0200 61,27 61,27 61,27 00000936 09/05/2024 0200 85,17 85,17 85,17 660,44 
LUSIZI L 001519155 (MLUNGISI) 00001105 16/05/2024 0200 230,85 230,85 230,85 00001105 16/05/2024 0200 201,24 201,24 201,200001105 16/05/2024 0200 287,47 287,47 287,47 00001105 16/05/2024 0200 383,40 383,40 383,40 00001105 16/05/2024 0200 332,64 332,64 332,64 00001105 16/05/2024 0200 344,70 344,70 344,70 00001105 16/05/2024 0200 253,12 253,12 253,12 2033,42 
LUSIZI L 001519155 (DEMPHO) 00001104 16/05/2024 0200 3813,96 1944,05 1944,05 75 1944,05 
JORDAAN FD 001542122 (FREDERICK) 00000897 07/05/2024 99200 95,13 95,13 95,13 95,13 
MABASA RG 001549241 (RHULANI) 00000901 07/05/2024 0200 291,97 291,97 291,97 00000900 07/05/2024 0200 159,86 159,86 159,86 00000901 07/05/2024 0200 21,85 21,85 21,85 00000900 07/05/2024 0200 201,24 201,24 201,24 00000900 07/05/2024 0200 181,08 181,08 181,08 00000900 07/05/2024 0200 85,17 85,17 85,17 00000900 07/05/2024 0200 102,35 102,35 102,35 00000900 07/05/2024 0200 152,90 152,90 152,90 1196,42 
MABASA RG 001549241 (SINGITA) 00000902 07/05/2024 0200 159,86 159,86 159,86 00000902 07/05/2024 0200 201,24 201,24 201,24 00000902 07/05/2024 0200 101,35 101,35 101,35 00000902 07/05/2024 0200 61,27 61,27 61,27 00000902 07/05/2024 0200 43,65 43,65 43,65 00000902 07/05/2024 0200 291,97 291,97 291,97 859,34 
MADLALA SE 001589790 (SONDELANI) 00001027 13/05/2024 0200 168,88 168,88 168,88 00001027 13/05/2024 0200 201,24 201,24 201,24 00001027 13/05/2024 0200 159,86 159,86 159,86 00001027 13/05/2024 0200 344,70 344,70 344,70 00001027 13/05/2024 0200 152,90 152,90 152,90 00001027 13/05/2024 0200 181,08 181,08 181,08 1208,66 
MADLALA SE 001589790 (LANDILE) 00001028 13/05/2024 0200 159,86 159,86 159,86 00001028 13/05/2024 0200 92,72 92,72 92,72 00001028 13/05/2024 0200 102,35 102,35 102,35 00001028 13/05/2024 0200 152,90 152,90 152,90 00001028 13/05/2024 0200 85,17 85,17 85,17 593,00 
LENYANYABEDI MV 001590948 (SALVA) 00001053 14/05/2024 0200 291,97 291,97 291,97 00001053 14/05/2024 0200 201,24 201,24 201,24 00001053 14/05/2024 0200 159,86 159,86 159,86 00001053 14/05/2024 0200 102,35 102,35 102,35 00001053 14/05/2024 0200 181,08 181,08 181,08 00001053 14/05/2024 0200 85,17 85,17 85,17 00001053 14/05/2024 0200 152,90 152,90 152,90 1174,57 
LENYANYABEDI MV 001590948 (KEDUMETSE) 00001052 14/05/2024 0200 291,97 291,97 291,97 00001052 14/05/2024 0200 201,24 201,24 201,24 00001052 14/05/2024 0200 159,86 159,86 159,86 00001052 14/05/2024 0200 102,35 102,35 102,35 00001052 14/05/2024 0200 181,08 181,08 181,08 00001052 14/05/2024 0200 85,17 85,17 85,17 1021,67 
DUBE R 001601891 (REJOICE) 00000911 08/05/2024 0200 43,47 43,47 43,47 00000911 08/05/2024 0200 113,75 113,75 113,75 00000911 08/05/2024 0200 159,86 159,86 159,86 00000911 08/05/2024 0200 152,90 152,90 152,90 00000911 08/05/2024 0200 181,08 181,08 181,08 00000911 08/05/2024 0200 61,27 61,27 61,27 00000911 08/05/2024 0200 228,90 228,90 228,90 00000911 08/05/2024 0200 168,88 168,88 168,88 1110,11 
DUBE R 001601891 (ZIMILE) 00000910 08/05/2024 0200 201,24 201,24 201,24 00000910 08/05/2024 0200 159,86 159,86 159,86 00000910 08/05/2024 0200 43,65 43,65 43,65 00000910 08/05/2024 0200 152,90 152,90 152,90 00000910 08/05/2024 0200 181,08 181,08 181,08 00000910 08/05/2024 0200 61,27 61,27 61,27 00000910 08/05/2024 0200 230,85 230,85 230,85 00000910 08/05/2024 0200 102,35 102,35 102,35 1133,20 
RAMASODI TO 001608430 (TSHOLOFELO) 00001061 15/05/2024 0200 291,97 291,97 291,97 00001061 15/05/2024 0200 201,24 201,24 201,24 00001061 15/05/2024 0200 106,56 106,56 106,56 599,77 
SHADUNG ME 001613705 (MATSEBE) 00001004 13/05/2024 99200 25,70 25,70 25,70 00001004 13/05/2024 99200 114,52 114,52 114,52 140,22 
MALOKA L 001619420 (LEMOGANG) 00000938 09/05/2024 0200 3813,96 3523,90 3523,90 75 3523,90
MALOKA L 001619420 (DORAH) 00000939 09/05/2024 0200 201,24 201,24 201,24 00000939 09/05/2024 0200 159,86 159,86 159,86 00000939 09/05/2024 0200 88,90 88,90 88,90 00000939 09/05/2024 0200 101,35 101,35 101,35 551,35 
MATHEBULA NE 001622976 (NYIKO) 00001025 13/05/2024 0200 348,52 348,52 348,52 00001025 13/05/2024 0200 201,24 201,24 201,24 00001025 13/05/2024 0200 159,86 159,86 159,86 00001025 13/05/2024 0200 102,35 102,35 102,35 00001025 13/05/2024 0200 101,35 101,35 101,35 913,32 
MATHEBULA NE 001622976 (WINANI) 00001026 13/05/2024 0200 344,70 344,70 344,70 00001026 13/05/2024 0200 201,24 201,24 201,24 00001026 13/05/2024 0200 159,86 159,86 159,86 00001026 13/05/2024 0200 181,08 181,08 181,08 00001026 13/05/2024 0200 152,90 152,90 152,90 00001026 13/05/2024 0200 102,35 102,35 102,35 1142,13 
SETSHEDI DC 001630722 (DINEO) 00000947 09/05/2024 0200 201,24 201,24 201,24 00000947 09/05/2024 0200 159,86 159,86 159,86 00000947 09/05/2024 0200 102,35 102,35 102,35 463,45 
SETSHEDI DC 001630722 (DAVID) 00000948 09/05/2024 0200 168,88 168,88 168,88 00000948 09/05/2024 0200 113,75 113,75 113,75 00000948 09/05/2024 0200 201,24 201,24 201,24 00000948 09/05/2024 0200 159,86 159,86 159,86 643,73 
SETSHEDI DC 001630722 (ATLEGANG) 00000950 09/05/2024 0200 201,24 201,24 201,24 00000950 09/05/2024 0200 159,86 159,86 159,86 00000950 09/05/2024 0200 88,90 88,90 88,90 00000950 09/05/2024 0200 101,35 101,35 101,35 551,35 
RAPHOLO KJ 001654749 (DIKELEDI) 00001097 16/05/2024 0200 3813,96 3592,00 3592,00 6358 3592,00 
MOKGOTSI SJ 001662582 (ATLEGANG) 00001080 16/05/2024 0200 159,86 159,86 159,86 00001080 16/05/2024 0200 201,24 201,24 201,24 00001080 16/05/2024 0200 181,08 181,08 181,08 00001080 16/05/2024 0200 102,35 102,35 102,35 644,53 
MOKGOTSI SJ 001662582 (DANIEL) 00001082 16/05/2024 0200 201,24 201,24 201,24 00001082 16/05/2024 0200 159,86 159,86 159,86 00001082 16/05/2024 0200 152,90 152,90 152,90 00001082 16/05/2024 0200 181,08 181,08 181,08 00001082 16/05/2024 0200 85,17 85,17 85,17 00001082 16/05/2024 0200 102,35 102,35 102,35 882,60 
MOKGOTSI SJ 001662582 (RORISANG) 00001078 16/05/2024 0200 62,05 62,05 62,05 00001078 16/05/2024 0200 89,86 89,86 89,86 00001078 16/05/2024 0200 155,94 155,94 155,94 00001078 16/05/2024 0200 66,64 66,64 66,64 374,49 
NGOBENI BG 001677558 (BASAMBILI) 00000875 06/05/2024 0200 344,70 344,70 344,70 00000875 06/05/2024 0200 197,16 197,16 197,16 00000875 06/05/2024 0200 159,86 159,86 159,86 00000875 06/05/2024 0200 201,24 201,24 201,24 00000875 06/05/2024 0200 230,85 230,85 230,85 1133,81 
NGOBENI BG 001677558 (FELCIA) 00000878 06/05/2024 0200 159,05 159,05 159,05 00000878 06/05/2024 0200 122,09 122,09 122,09 00000878 06/05/2024 0200 159,86 159,86 159,86 00000878 06/05/2024 0200 181,08 181,08 181,08 00000878 06/05/2024 0200 61,27 61,27 61,27 683,35 
MABENA SJ 001678936 (SIBUSISO) 00000882 06/05/2024 0200 217,58 217,58 217,58 00000882 06/05/2024 0200 276,71 276,71 276,71 00000882 06/05/2024 0200 318,53 317,12 317,12 6358 00000882 06/05/2024 0200 344,70 344,70 344,70 00001014 13/05/2024 0200 546,82 546,82 546,82 00001013 13/05/2024 0200 228,90 228,90 228,90 00001013 13/05/2024 0200 236,80 236,80 236,80 00001013 13/05/2024 0200 262,65 212,58 212,58 6358 00001013 13/05/2024 0200 102,35 102,35 102,35 2483,56 
MABENA SJ 001678936 (THABISILE) 00000881 06/05/2024 0200 383,40 383,40 383,40 00000881 06/05/2024 0200 287,47 287,47 287,47 00000881 06/05/2024 0200 201,24 201,24 201,24 00000881 06/05/2024 0200 276,71 276,71 276,71 00000881 06/05/2024 0200 230,85 230,85 230,85 00000953 09/05/2024 0200 3813,96 3352,33 3352,33 75 00001056 14/05/2024 0200 344,70 344,70 344,70 00001056 14/05/2024 0200 152,90 152,90 152,90 00001056 14/05/2024 0200 181,08 181,08 181,08 00001056 14/05/2024 0200 291,97 291,97 291,97 00001056 14/05/2024 0200 61,27 61,27 61,27 00001056 14/05/2024 0200 114,06 114,06 114,06 5877,98 
MABENA SJ 001678936 (FEZEKA) 00001017 13/05/2024 0200 220,95 220,95 220,95 00000955 09/05/2024 0200 230,85 230,85 230,85 00000955 09/05/2024 0200 287,47 287,47 287,47 00000955 09/05/2024 0200 383,40 383,40 383,40 00000955 09/05/2024 0200 344,70 344,70 344,70 00000955 09/05/2024 0200 276,71 276,71 276,71 00001017 13/05/2024 0200 114,06 114,06 114,06 1858,14 
BAZA V 001680012 (NONGEZILE) 00000916 08/05/2024 0200 159,86 159,86 159,86 00000916 08/05/2024 0200 159,05 159,05 159,05 00000916 08/05/2024 0200 181,08 181,08 181,08 00000916 08/05/2024 0200 61,27 61,27 61,27 00000916 08/05/2024 0200 344,70 344,70 344,70 00000916 08/05/2024 0200 201,24 201,24 201,24 1107,20 
BAZA V 001680012 (FANELE) 00000917 08/05/2024 0200 230,85 230,85 230,85 00000917 08/05/2024 0200 383,40 383,40 383,40 00000917 08/05/2024 0200 201,24 201,24 201,24 00000917 08/05/2024 0200 159,86 159,86 159,86 00000917 08/05/2024 0200 154,33 154,33 154,33 1129,68 
HLONGWANE JV 001686400 (JOHNSON) 00001070 15/05/2024 0200 201,24 201,24 201,24 00001070 15/05/2024 0200 287,47 287,47 287,47 00001070 15/05/2024 0200 344,70 344,70 344,70 00001070 15/05/2024 0200 152,90 152,90 152,90 00001070 15/05/2024 0200 61,27 61,27 61,27 00001070 15/05/2024 0200 102,35 102,35 102,35 1149,93 
HLONGWANE JV 001686400 (JULIA) 00001069 15/05/2024 0200 201,24 201,24 201,24 00001069 15/05/2024 0200 61,27 61,27 61,27 00001069 15/05/2024 0200 114,06 114,06 114,06 00001069 15/05/2024 0200 236,22 236,22 236,22 00001069 15/05/2024 0200 43,47 43,47 43,47 00001069 15/05/2024 0200 406,25 406,25 406,25 1062,51 
THIPE DT 001688827 (DINEO) 00000892 06/05/2024 0200 230,85 230,85 230,85 00000892 06/05/2024 0200 287,47 287,47 287,47 00000892 06/05/2024 0200 383,40 383,40 383,40 00000892 06/05/2024 0200 268,06 268,06 268,06 00000892 06/05/2024 0200 253,12 253,12 253,12 00000892 06/05/2024 0200 258,03 258,03 258,03 1680,93 
THIPE DT 001688827 (ONKARABILE) 00000891 06/05/2024 0200 66,45 66,45 66,45 00000891 06/05/2024 0200 301,29 301,29 301,29 00000891 06/05/2024 0200 91,74 91,74 91,74 459,48 
KUBALO MD 001696099 (MANDLAKAZI) 00000943 09/05/2024 0200 168,88 168,88 168,88 00000943 09/05/2024 0200 201,24 201,24 201,24 00000943 09/05/2024 0200 159,86 159,86 159,86 00000943 09/05/2024 0200 344,70 344,70 344,70 00000943 09/05/2024 0200 123,26 123,26 123,26 997,94 
KUBALO MD 001696099 (NICOLAS) 00000944 09/05/2024 0200 267,00 267,00 267,00 00000944 09/05/2024 0200 201,24 201,24 201,24 00000944 09/05/2024 0200 159,86 159,86 159,86 00000944 09/05/2024 0200 230,85 230,85 230,85 858,95 
KUBALO MD 001696099 (ACHUMILE) 00000946 09/05/2024 0200 159,05 159,05 159,05 00000946 09/05/2024 0200 181,08 181,08 181,08 00000946 09/05/2024 0200 201,24 201,24 201,24 00000946 09/05/2024 0200 159,86 159,86 159,86 701,23 
LETSHABANA MW 001698323 (MOLOKO) 00000962 09/05/2024 0200 168,88 168,88 168,88 00000962 09/05/2024 0200 123,26 123,26 123,26 00000962 09/05/2024 0200 113,75 113,75 113,75 00000962 09/05/2024 0200 201,24 201,24 201,24 00000962 09/05/2024 0200 159,86 159,86 159,86 00000962 09/05/2024 0200 267,00 267,00 267,00 1033,99 
LETSHABANA MW 001698323 (MAHLATSE) 00000963 09/05/2024 0200 181,08 181,08 181,08 00000963 09/05/2024 0200 159,05 159,05 159,05 00000963 09/05/2024 0200 201,24 201,24 0000963 09/05/2024 0200 159,86 159,86 159,86 00000963 09/05/2024 0200 101,35 101,35 101,35 00000963 09/05/2024 0200 344,70 344,70 344,70 1147,28 
LETSHOENE KP 001717238 (KEDIBONE) 00000959 09/05/2024 0200 201,24 201,24 201,24 00000959 09/05/2024 0200 159,86 159,86 159,86 00000959 09/05/2024 0200 102,35 102,35 102,35 00000959 09/05/2024 0200 152,90 152,90 152,90 00000951 09/05/2024 99200 24,16 24,16 24,16 640,51 
LETSHOENE KP 001717238 (ATHALIA) 00000961 09/05/2024 0200 201,24 201,24 201,24 00000961 09/05/2024 0200 159,86 159,86 159,86 00000961 09/05/2024 0200 152,90 152,90 152,90 00000961 09/05/2024 0200 102,35 102,35 102,35 00000961 09/05/2024 0200 181,08 181,08 181,08 797,43 
MASHABANE S 001785376 (SUCCESS) 00001020 13/05/2024 0200 546,82 546,82 546,82 00001020 13/05/2024 0200 236,22 236,22 236,22 00001020 13/05/2024 0200 268,06 268,06 268,06 00001020 13/05/2024 0200 253,12 253,12 253,12 1304,22 
MASHABANE S 001785376 (NOZIPHO) 00001019 13/05/2024 0200 546,82 546,82 546,82 00001019 13/05/2024 0200 236,22 236,22 236,22 00001019 13/05/2024 0200 268,06 268,06 268,06 00001019 13/05/2024 0200 287,47 287,47 287,47 00001019 13/05/2024 0200 253,12 253,12 253,12 00001019 13/05/2024 0200 181,08 181,08 181,08 00001019 13/05/2024 0200 85,17 85,17 85,17 1857,94 
MOHLALA MN 001787005 (MPAPA) 00001021 13/05/2024 0200 287,47 287,47 287,47 00001021 13/05/2024 0200 181,08 181,08 181,08 00001021 13/05/2024 0200 85,17 85,17 85,17 00001021 13/05/2024 0200 88,90 88,90 88,90 00001021 13/05/2024 0200 152,90 152,90 152,90 00001021 13/05/2024 0200 344,70 344,70 344,70 00001021 13/05/2024 0200 268,06 268,06 268,06 1408,28 
MOHLALA MN 001787005 (NTHURUBELE) 00001022 13/05/2024 0200 344,70 344,70 344,70 00001022 13/05/2024 0200 268,06 268,06 268,06 00001022 13/05/2024 0200 287,47 287,47 287,47 00001022 13/05/2024 0200 181,08 181,08 181,08 00001022 13/05/2024 0200 85,17 85,17 85,17 00001022 13/05/2024 0200 114,06 114,06 114,06 00001022 13/05/2024 0200 61,27 61,27 61,27 00001022 13/05/2024 0200 152,90 152,90 152,90 1494,71 
NDOU NF 001828715 (NTSUNDENI) 00000941 09/05/2024 0200 291,97 291,97 291,97 00000941 09/05/2024 0200 21,85 21,85 21,85 00000941 09/05/2024 0200 201,24 201,24 201,24 00000941 09/05/2024 0200 228,90 228,90 228,90 743,96 
NDOU NF 001828715 (MUANO) 00000945 09/05/2024 0200 152,90 152,90 152,90 00000945 09/05/2024 0200 159,86 159,86 159,86 00000945 09/05/2024 0200 201,24 201,24 201,24 00000945 09/05/2024 0200 61,27 61,27 61,27 00000945 09/05/2024 0200 85,17 85,17 85,17 660,44 
NDOU NF 001828715 (SHONISANI) 00000942 09/05/2024 0200 291,97 291,97 291,97 00000942 09/05/2024 0200 21,85 21,85 21,85 00000942 09/05/2024 0200 201,24 201,24 201,24 515,06 
MALOKA KH 001906988 (NTOKIES) 00001090 16/05/2024 0200 201,24 201,24 201,24 00001090 16/05/2024 0200 159,86 159,86 159,86 00001090 16/05/2024 0200 181,08 181,08 181,08 00001090 16/05/2024 0200 85,17 85,17 85,17 00001090 16/05/2024 0200 152,90 152,90 152,90 00001090 16/05/2024 0200 61,27 61,27 61,27 841,52 
MALOKA KH 001906988 (TSHEPISO) 00001091 16/05/2024 0200 129,81 129,81 129,81 00001088 16/05/2024 0200 231,12 231,12 231,12 00001091 16/05/2024 0200 101,35 101,35 101,35 00001088 16/05/2024 0200 291,97 291,97 291,97 00001088 16/05/2024 0200 201,24 201,24 201,24 00001088 16/05/2024 0200 10,93 10,93 10,93 966,42